iteration 0


{
  "hi": [
    -0.9076647783397964,
    -0.9854142852393352,
    -0.5821240732410459,
    -0.8129109729329731,
    -0.7614956286091522,
    -0.9086826177281011
  ]
}


iteration 0


{
  "hi": [
    -0.38994667044073017,
    -0.3662497839387914,
    -0.34158416751817333,
    -0.3894176095689151,
    -0.4149365508911021,
    -0.39647350848465435
  ]
}


iteration 0


{
  "up": [
    0,
    0,
    0,
    0,
    0,
    0
  ],
  "right": [
    0,
    0,
    0,
    0,
    0,
    0
  ],
  "down": [
    0,
    0,
    0,
    0,
    0,
    0
  ],
  "left": [
    0,
    0,
    0,
    0,
    0,
    0
  ],
  "hooked": [
    0,
    0,
    0,
    0,
    0,
    0
  ],
  "hi": [
    -0.38994667044073017,
    -0.3662497839387914,
    -0.34158416751817333,
    -0.3894176095689151,
    -0.4149365508911021,
    -0.39647350848465435
  ]
}


iteration 0


{
  "up": [
    0,
    0,
    0,
    0,
    0,
    0
  ],
  "right": [
    0,
    0,
    0,
    0,
    0,
    0
  ],
  "down": [
    0,
    0,
    0,
    0,
    0,
    0
  ],
  "left": [
    0,
    0,
    0,
    0,
    0,
    0
  ],
  "hooked": [
    0,
    0,
    0,
    0,
    0,
    0
  ],
  "hi": [
    -0.38994667044073017,
    -0.3662497839387914,
    -0.34158416751817333,
    -0.3894176095689151,
    -0.4149365508911021,
    -0.39647350848465435
  ]
}


iteration 0


{
  "up": [
    0,
    0,
    0,
    0,
    0,
    0
  ],
  "right": [
    0,
    0,
    0,
    0,
    0,
    0
  ],
  "down": [
    0,
    0,
    0,
    0,
    0,
    0
  ],
  "left": [
    0,
    0,
    0,
    0,
    0,
    0
  ],
  "hooked": [
    0,
    0,
    0,
    0,
    0,
    0
  ],
  "hi": [
    -0.38994667044073017,
    -0.3662497839387914,
    -0.34158416751817333,
    -0.3894176095689151,
    -0.4149365508911021,
    -0.39647350848465435
  ]
}


iteration 1


{
  "up": [
    0,
    0,
    0,
    0,
    0,
    0
  ],
  "right": [
    0,
    0,
    0,
    0,
    0,
    0
  ],
  "down": [
    0,
    0,
    0,
    0,
    0,
    0
  ],
  "left": [
    0,
    0,
    0,
    0,
    0,
    0
  ],
  "hooked": [
    0,
    0,
    0,
    0,
    0,
    0
  ],
  "hi": [
    -0.3223012151154021,
    -0.227038642241926,
    -0.3784094091123026,
    -0.29975116243870015,
    -0.31908811357577876,
    -0.2658799937066236
  ]
}


iteration 0


{
  "up": [
    0,
    0,
    0,
    0,
    0,
    0
  ],
  "right": [
    0,
    0,
    0,
    0,
    0,
    0
  ],
  "down": [
    0,
    0,
    0,
    0,
    0,
    0
  ],
  "left": [
    0,
    0,
    0,
    0,
    0,
    0
  ],
  "hooked": [
    0,
    0,
    0,
    0,
    0,
    0
  ],
  "hi": [
    -0.38994667044073017,
    -0.3662497839387914,
    -0.34158416751817333,
    -0.3894176095689151,
    -0.4149365508911021,
    -0.39647350848465435
  ]
}


iteration 0


{
  "up": [
    0,
    0,
    0,
    0,
    0,
    0
  ],
  "right": [
    0,
    0,
    0,
    0,
    0,
    0
  ],
  "down": [
    0,
    0,
    0,
    0,
    0,
    0
  ],
  "left": [
    0,
    0,
    0,
    0,
    0,
    0
  ],
  "hooked": [
    0,
    0,
    0,
    0,
    0,
    0
  ],
  "hi": [
    -0.38994667044073017,
    -0.3662497839387914,
    -0.34158416751817333,
    -0.3894176095689151,
    -0.4149365508911021,
    -0.39647350848465435
  ]
}


iteration 1


{
  "up": [
    0,
    0,
    0,
    0,
    0,
    0
  ],
  "right": [
    0,
    0,
    0,
    0,
    0,
    0
  ],
  "down": [
    0,
    0,
    0,
    0,
    0,
    0
  ],
  "left": [
    0,
    0,
    0,
    0,
    0,
    0
  ],
  "hooked": [
    0,
    0,
    0,
    0,
    0,
    0
  ],
  "hi": [
    -0.3223012151154021,
    -0.227038642241926,
    -0.3784094091123026,
    -0.29975116243870015,
    -0.31908811357577876,
    -0.2658799937066236
  ]
}


iteration 2


{
  "up": [
    0,
    0,
    0,
    0,
    0,
    0
  ],
  "right": [
    0,
    0,
    0,
    0,
    0,
    0
  ],
  "down": [
    0,
    0,
    0,
    0,
    0,
    0
  ],
  "left": [
    0,
    0,
    0,
    0,
    0,
    0
  ],
  "hooked": [
    0,
    0,
    0,
    0,
    0,
    0
  ],
  "hi": [
    -0.34129944574778426,
    -0.33827893069326204,
    -0.34709366006662334,
    -0.4020052564960663,
    -0.30920894292111284,
    -0.3210311310356641
  ]
}


iteration 3


{
  "up": [
    0,
    0,
    0,
    0,
    0,
    0
  ],
  "right": [
    0,
    0,
    0,
    0,
    0,
    0
  ],
  "down": [
    0,
    0,
    0,
    0,
    0,
    0
  ],
  "left": [
    0,
    0,
    0,
    0,
    0,
    0
  ],
  "hooked": [
    0,
    0,
    0,
    0,
    0,
    0
  ],
  "hi": [
    -0.22886739570842685,
    -0.340734642108429,
    -0.2993434984123634,
    -0.24729338762818945,
    -0.02596163111350558,
    -0.2915113366177803
  ]
}


iteration 4


{
  "up": [
    0,
    0,
    0,
    0,
    0,
    0
  ],
  "right": [
    0,
    0,
    0,
    0,
    0,
    0
  ],
  "down": [
    0,
    0,
    0,
    0,
    0,
    0
  ],
  "left": [
    0,
    0,
    0,
    0,
    0,
    0
  ],
  "hooked": [
    0,
    0,
    0,
    0,
    0,
    0
  ],
  "hi": [
    -0.2156331385179187,
    -0.21081107482020545,
    -0.24783801866851515,
    -0.21665723656160582,
    -0.2220072029211681,
    -0.10657222962073745
  ]
}


iteration 5


{
  "up": [
    0,
    0,
    0,
    0,
    0,
    0
  ],
  "right": [
    0,
    0,
    0,
    0,
    0,
    0
  ],
  "down": [
    0,
    0,
    0,
    0,
    0,
    0
  ],
  "left": [
    0,
    0,
    0,
    0,
    0,
    0
  ],
  "hooked": [
    0,
    0,
    0,
    0,
    0,
    0
  ],
  "hi": [
    -0.31129591147175734,
    -0.42646932913706764,
    -0.35890985396535535,
    -0.31599584343243126,
    -0.3250013622709311,
    -0.33429328005284303
  ]
}


iteration 6


{
  "up": [
    0,
    0,
    0,
    0,
    0,
    0
  ],
  "right": [
    0,
    0,
    0,
    0,
    0,
    0
  ],
  "down": [
    0,
    0,
    0,
    0,
    0,
    0
  ],
  "left": [
    0,
    0,
    0,
    0,
    0,
    0
  ],
  "hooked": [
    0,
    0,
    0,
    0,
    0,
    0
  ],
  "hi": [
    -0.3131920344882199,
    -0.42502573737542704,
    -0.2710579667265695,
    -0.28611006712246306,
    -0.23516031678875532,
    -0.2775744114367978
  ]
}


iteration 7


{
  "up": [
    0,
    0,
    0,
    0,
    0,
    0
  ],
  "right": [
    0,
    0,
    0,
    0,
    0,
    0
  ],
  "down": [
    0,
    0,
    0,
    0,
    0,
    0
  ],
  "left": [
    0,
    0,
    0,
    0,
    0,
    0
  ],
  "hooked": [
    0,
    0,
    0,
    0,
    0,
    0
  ],
  "hi": [
    -0.3552889444108365,
    -0.408549181428429,
    -0.3567858865711029,
    -0.3759234123035981,
    -0.35799104059038445,
    -0.3304818915794786
  ]
}


iteration 8


{
  "up": [
    0,
    0,
    0,
    0,
    0,
    0
  ],
  "right": [
    0,
    0,
    0,
    0,
    0,
    0
  ],
  "down": [
    0,
    0,
    0,
    0,
    0,
    0
  ],
  "left": [
    0,
    0,
    0,
    0,
    0,
    0
  ],
  "hooked": [
    0,
    0,
    0,
    0,
    0,
    0
  ],
  "hi": [
    -0.1883374457399363,
    -0.25582122497699633,
    -0.28269783993145303,
    -0.2934073608096771,
    -0.25782944502311145,
    -0.2364220309564242
  ]
}


iteration 9


{
  "up": [
    0,
    0,
    0,
    0,
    0,
    0
  ],
  "right": [
    0,
    0,
    0,
    0,
    0,
    0
  ],
  "down": [
    0,
    0,
    0,
    0,
    0,
    0
  ],
  "left": [
    0,
    0,
    0,
    0,
    0,
    0
  ],
  "hooked": [
    0,
    0,
    0,
    0,
    0,
    0
  ],
  "hi": [
    -0.25440286414576485,
    -0.3233397502482098,
    -0.32894379447596933,
    -0.2774207448988198,
    -0.26020777765383174,
    -0.18580075206428506
  ]
}


iteration 10


{
  "up": [
    0,
    0,
    0,
    0,
    0,
    0
  ],
  "right": [
    0,
    0,
    0,
    0,
    0,
    0
  ],
  "down": [
    0,
    0,
    0,
    0,
    0,
    0
  ],
  "left": [
    0,
    0,
    0,
    0,
    0,
    0
  ],
  "hooked": [
    0,
    0,
    0,
    0,
    0,
    0
  ],
  "hi": [
    -0.14977359954439037,
    -0.20203340977552972,
    -0.19625187735426236,
    -0.18995106784072732,
    -0.15092598697813805,
    -0.1995752726769556
  ]
}


iteration 11


{
  "up": [
    0,
    0,
    0,
    0,
    0,
    0
  ],
  "right": [
    0,
    0,
    0,
    0,
    0,
    0
  ],
  "down": [
    0,
    0,
    0,
    0,
    0,
    0
  ],
  "left": [
    0,
    0,
    0,
    0,
    0,
    0
  ],
  "hooked": [
    0,
    0,
    0,
    0,
    0,
    0
  ],
  "hi": [
    -0.24202801789175185,
    -0.3354103002745559,
    -0.2848129014115984,
    -0.26392487345100335,
    -0.12177363980580616,
    -0.2673707265359188
  ]
}


iteration 0


{
  "up": [
    0,
    0,
    0,
    0,
    0,
    0
  ],
  "right": [
    0,
    0,
    0,
    0,
    0,
    0
  ],
  "down": [
    0,
    0,
    0,
    0,
    0,
    0
  ],
  "left": [
    0,
    0,
    0,
    0,
    0,
    0
  ],
  "hooked": [
    0,
    0,
    0,
    0,
    0,
    0
  ],
  "hi": [
    -0.38994667044073017,
    -0.3662497839387914,
    -0.34158416751817333,
    -0.3894176095689151,
    -0.4149365508911021,
    -0.39647350848465435
  ]
}


iteration 1


{
  "up": [
    0,
    0,
    0,
    0,
    0,
    0
  ],
  "right": [
    0,
    0,
    0,
    0,
    0,
    0
  ],
  "down": [
    0,
    0,
    0,
    0,
    0,
    0
  ],
  "left": [
    0,
    0,
    0,
    0,
    0,
    0
  ],
  "hooked": [
    0,
    0,
    0,
    0,
    0,
    0
  ],
  "hi": [
    -0.3223012151154021,
    -0.227038642241926,
    -0.3784094091123026,
    -0.29975116243870015,
    -0.31908811357577876,
    -0.2658799937066236
  ]
}


iteration 2


{
  "up": [
    0,
    0,
    0,
    0,
    0,
    0
  ],
  "right": [
    0,
    0,
    0,
    0,
    0,
    0
  ],
  "down": [
    0,
    0,
    0,
    0,
    0,
    0
  ],
  "left": [
    0,
    0,
    0,
    0,
    0,
    0
  ],
  "hooked": [
    0,
    0,
    0,
    0,
    0,
    0
  ],
  "hi": [
    -0.34129944574778426,
    -0.33827893069326204,
    -0.34709366006662334,
    -0.4020052564960663,
    -0.30920894292111284,
    -0.3210311310356641
  ]
}


iteration 3


{
  "up": [
    0,
    0,
    0,
    0,
    0,
    0
  ],
  "right": [
    0,
    0,
    0,
    0,
    0,
    0
  ],
  "down": [
    0,
    0,
    0,
    0,
    0,
    0
  ],
  "left": [
    0,
    0,
    0,
    0,
    0,
    0
  ],
  "hooked": [
    0,
    0,
    0,
    0,
    0,
    0
  ],
  "hi": [
    -0.22886739570842685,
    -0.340734642108429,
    -0.2993434984123634,
    -0.24729338762818945,
    -0.02596163111350558,
    -0.2915113366177803
  ]
}


iteration 4


{
  "up": [
    0,
    0,
    0,
    0,
    0,
    0
  ],
  "right": [
    0,
    0,
    0,
    0,
    0,
    0
  ],
  "down": [
    0,
    0,
    0,
    0,
    0,
    0
  ],
  "left": [
    0,
    0,
    0,
    0,
    0,
    0
  ],
  "hooked": [
    0,
    0,
    0,
    0,
    0,
    0
  ],
  "hi": [
    -0.2156331385179187,
    -0.21081107482020545,
    -0.24783801866851515,
    -0.21665723656160582,
    -0.2220072029211681,
    -0.10657222962073745
  ]
}


iteration 5


{
  "up": [
    0,
    0,
    0,
    0,
    0,
    0
  ],
  "right": [
    0,
    0,
    0,
    0,
    0,
    0
  ],
  "down": [
    0,
    0,
    0,
    0,
    0,
    0
  ],
  "left": [
    0,
    0,
    0,
    0,
    0,
    0
  ],
  "hooked": [
    0,
    0,
    0,
    0,
    0,
    0
  ],
  "hi": [
    -0.31129591147175734,
    -0.42646932913706764,
    -0.35890985396535535,
    -0.31599584343243126,
    -0.3250013622709311,
    -0.33429328005284303
  ]
}


iteration 6


{
  "up": [
    0,
    0,
    0,
    0,
    0,
    0
  ],
  "right": [
    0,
    0,
    0,
    0,
    0,
    0
  ],
  "down": [
    0,
    0,
    0,
    0,
    0,
    0
  ],
  "left": [
    0,
    0,
    0,
    0,
    0,
    0
  ],
  "hooked": [
    0,
    0,
    0,
    0,
    0,
    0
  ],
  "hi": [
    -0.3131920344882199,
    -0.42502573737542704,
    -0.2710579667265695,
    -0.28611006712246306,
    -0.23516031678875532,
    -0.2775744114367978
  ]
}


iteration 7


{
  "up": [
    0,
    0,
    0,
    0,
    0,
    0
  ],
  "right": [
    0,
    0,
    0,
    0,
    0,
    0
  ],
  "down": [
    0,
    0,
    0,
    0,
    0,
    0
  ],
  "left": [
    0,
    0,
    0,
    0,
    0,
    0
  ],
  "hooked": [
    0,
    0,
    0,
    0,
    0,
    0
  ],
  "hi": [
    -0.3552889444108365,
    -0.408549181428429,
    -0.3567858865711029,
    -0.3759234123035981,
    -0.35799104059038445,
    -0.3304818915794786
  ]
}


iteration 8


{
  "up": [
    0,
    0,
    0,
    0,
    0,
    0
  ],
  "right": [
    0,
    0,
    0,
    0,
    0,
    0
  ],
  "down": [
    0,
    0,
    0,
    0,
    0,
    0
  ],
  "left": [
    0,
    0,
    0,
    0,
    0,
    0
  ],
  "hooked": [
    0,
    0,
    0,
    0,
    0,
    0
  ],
  "hi": [
    -0.1883374457399363,
    -0.25582122497699633,
    -0.28269783993145303,
    -0.2934073608096771,
    -0.25782944502311145,
    -0.2364220309564242
  ]
}


iteration 9


{
  "up": [
    0,
    0,
    0,
    0,
    0,
    0
  ],
  "right": [
    0,
    0,
    0,
    0,
    0,
    0
  ],
  "down": [
    0,
    0,
    0,
    0,
    0,
    0
  ],
  "left": [
    0,
    0,
    0,
    0,
    0,
    0
  ],
  "hooked": [
    0,
    0,
    0,
    0,
    0,
    0
  ],
  "hi": [
    -0.25440286414576485,
    -0.3233397502482098,
    -0.32894379447596933,
    -0.2774207448988198,
    -0.26020777765383174,
    -0.18580075206428506
  ]
}


iteration 0


{
  "up": [
    0,
    0,
    0,
    0,
    0,
    0
  ],
  "right": [
    0,
    0,
    0,
    0,
    0,
    0
  ],
  "down": [
    0,
    0,
    0,
    0,
    0,
    0
  ],
  "left": [
    0,
    0,
    0,
    0,
    0,
    0
  ],
  "hooked": [
    0,
    0,
    0,
    0,
    0,
    0
  ],
  "hi": [
    -0.38994667044073017,
    -0.3662497839387914,
    -0.34158416751817333,
    -0.3894176095689151,
    -0.4149365508911021,
    -0.39647350848465435
  ]
}


iteration 1


{
  "up": [
    0,
    0,
    0,
    0,
    0,
    0
  ],
  "right": [
    0,
    0,
    0,
    0,
    0,
    0
  ],
  "down": [
    0,
    0,
    0,
    0,
    0,
    0
  ],
  "left": [
    0,
    0,
    0,
    0,
    0,
    0
  ],
  "hooked": [
    0,
    0,
    0,
    0,
    0,
    0
  ],
  "hi": [
    -0.3223012151154021,
    -0.227038642241926,
    -0.3784094091123026,
    -0.29975116243870015,
    -0.31908811357577876,
    -0.2658799937066236
  ]
}


iteration 2


{
  "up": [
    0,
    0,
    0,
    0,
    0,
    0
  ],
  "right": [
    0,
    0,
    0,
    0,
    0,
    0
  ],
  "down": [
    0,
    0,
    0,
    0,
    0,
    0
  ],
  "left": [
    0,
    0,
    0,
    0,
    0,
    0
  ],
  "hooked": [
    0,
    0,
    0,
    0,
    0,
    0
  ],
  "hi": [
    -0.34129944574778426,
    -0.33827893069326204,
    -0.34709366006662334,
    -0.4020052564960663,
    -0.30920894292111284,
    -0.3210311310356641
  ]
}


iteration 0


{
  "up": [
    0,
    0,
    0,
    0,
    0,
    0
  ],
  "right": [
    0,
    0,
    0,
    0,
    0,
    0
  ],
  "down": [
    0,
    0,
    0,
    0,
    0,
    0
  ],
  "left": [
    0,
    0,
    0,
    0,
    0,
    0
  ],
  "hooked": [
    0,
    0,
    0,
    0,
    0,
    0
  ],
  "hi": [
    -0.38994667044073017,
    -0.3662497839387914,
    -0.34158416751817333,
    -0.3894176095689151,
    -0.4149365508911021,
    -0.39647350848465435
  ]
}


iteration 1


{
  "up": [
    0,
    0,
    0,
    0,
    0,
    0
  ],
  "right": [
    0,
    0,
    0,
    0,
    0,
    0
  ],
  "down": [
    0,
    0,
    0,
    0,
    0,
    0
  ],
  "left": [
    0,
    0,
    0,
    0,
    0,
    0
  ],
  "hooked": [
    0,
    0,
    0,
    0,
    0,
    0
  ],
  "hi": [
    -0.3223012151154021,
    -0.227038642241926,
    -0.3784094091123026,
    -0.29975116243870015,
    -0.31908811357577876,
    -0.2658799937066236
  ]
}


iteration 2


{
  "up": [
    0,
    0,
    0,
    0,
    0,
    0
  ],
  "right": [
    0,
    0,
    0,
    0,
    0,
    0
  ],
  "down": [
    0,
    0,
    0,
    0,
    0,
    0
  ],
  "left": [
    0,
    0,
    0,
    0,
    0,
    0
  ],
  "hooked": [
    0,
    0,
    0,
    0,
    0,
    0
  ],
  "hi": [
    -0.34129944574778426,
    -0.33827893069326204,
    -0.34709366006662334,
    -0.4020052564960663,
    -0.30920894292111284,
    -0.3210311310356641
  ]
}


iteration 3


{
  "up": [
    0,
    0,
    0,
    0,
    0,
    0
  ],
  "right": [
    0,
    0,
    0,
    0,
    0,
    0
  ],
  "down": [
    0,
    0,
    0,
    0,
    0,
    0
  ],
  "left": [
    0,
    0,
    0,
    0,
    0,
    0
  ],
  "hooked": [
    0,
    0,
    0,
    0,
    0,
    0
  ],
  "hi": [
    -0.22886739570842685,
    -0.340734642108429,
    -0.2993434984123634,
    -0.24729338762818945,
    -0.02596163111350558,
    -0.2915113366177803
  ]
}


iteration 4


{
  "up": [
    0,
    0,
    0,
    0,
    0,
    0
  ],
  "right": [
    0,
    0,
    0,
    0,
    0,
    0
  ],
  "down": [
    0,
    0,
    0,
    0,
    0,
    0
  ],
  "left": [
    0,
    0,
    0,
    0,
    0,
    0
  ],
  "hooked": [
    0,
    0,
    0,
    0,
    0,
    0
  ],
  "hi": [
    -0.2156331385179187,
    -0.21081107482020545,
    -0.24783801866851515,
    -0.21665723656160582,
    -0.2220072029211681,
    -0.10657222962073745
  ]
}


iteration 5


{
  "up": [
    0,
    0,
    0,
    0,
    0,
    0
  ],
  "right": [
    0,
    0,
    0,
    0,
    0,
    0
  ],
  "down": [
    0,
    0,
    0,
    0,
    0,
    0
  ],
  "left": [
    0,
    0,
    0,
    0,
    0,
    0
  ],
  "hooked": [
    0,
    0,
    0,
    0,
    0,
    0
  ],
  "hi": [
    -0.31129591147175734,
    -0.42646932913706764,
    -0.35890985396535535,
    -0.31599584343243126,
    -0.3250013622709311,
    -0.33429328005284303
  ]
}


iteration 6


{
  "up": [
    0,
    0,
    0,
    0,
    0,
    0
  ],
  "right": [
    0,
    0,
    0,
    0,
    0,
    0
  ],
  "down": [
    0,
    0,
    0,
    0,
    0,
    0
  ],
  "left": [
    0,
    0,
    0,
    0,
    0,
    0
  ],
  "hooked": [
    0,
    0,
    0,
    0,
    0,
    0
  ],
  "hi": [
    -0.3131920344882199,
    -0.42502573737542704,
    -0.2710579667265695,
    -0.28611006712246306,
    -0.23516031678875532,
    -0.2775744114367978
  ]
}


iteration 7


{
  "up": [
    0,
    0,
    0,
    0,
    0,
    0
  ],
  "right": [
    0,
    0,
    0,
    0,
    0,
    0
  ],
  "down": [
    0,
    0,
    0,
    0,
    0,
    0
  ],
  "left": [
    0,
    0,
    0,
    0,
    0,
    0
  ],
  "hooked": [
    0,
    0,
    0,
    0,
    0,
    0
  ],
  "hi": [
    -0.3552889444108365,
    -0.408549181428429,
    -0.3567858865711029,
    -0.3759234123035981,
    -0.35799104059038445,
    -0.3304818915794786
  ]
}


iteration 8


{
  "up": [
    0,
    0,
    0,
    0,
    0,
    0
  ],
  "right": [
    0,
    0,
    0,
    0,
    0,
    0
  ],
  "down": [
    0,
    0,
    0,
    0,
    0,
    0
  ],
  "left": [
    0,
    0,
    0,
    0,
    0,
    0
  ],
  "hooked": [
    0,
    0,
    0,
    0,
    0,
    0
  ],
  "hi": [
    -0.1883374457399363,
    -0.25582122497699633,
    -0.28269783993145303,
    -0.2934073608096771,
    -0.25782944502311145,
    -0.2364220309564242
  ]
}


iteration 9


{
  "up": [
    0,
    0,
    0,
    0,
    0,
    0
  ],
  "right": [
    0,
    0,
    0,
    0,
    0,
    0
  ],
  "down": [
    0,
    0,
    0,
    0,
    0,
    0
  ],
  "left": [
    0,
    0,
    0,
    0,
    0,
    0
  ],
  "hooked": [
    0,
    0,
    0,
    0,
    0,
    0
  ],
  "hi": [
    -0.25440286414576485,
    -0.3233397502482098,
    -0.32894379447596933,
    -0.2774207448988198,
    -0.26020777765383174,
    -0.18580075206428506
  ]
}


iteration 10


{
  "up": [
    0,
    0,
    0,
    0,
    0,
    0
  ],
  "right": [
    0,
    0,
    0,
    0,
    0,
    0
  ],
  "down": [
    0,
    0,
    0,
    0,
    0,
    0
  ],
  "left": [
    0,
    0,
    0,
    0,
    0,
    0
  ],
  "hooked": [
    0,
    0,
    0,
    0,
    0,
    0
  ],
  "hi": [
    -0.14977359954439037,
    -0.20203340977552972,
    -0.19625187735426236,
    -0.18995106784072732,
    -0.15092598697813805,
    -0.1995752726769556
  ]
}


iteration 11


{
  "up": [
    0,
    0,
    0,
    0,
    0,
    0
  ],
  "right": [
    0,
    0,
    0,
    0,
    0,
    0
  ],
  "down": [
    0,
    0,
    0,
    0,
    0,
    0
  ],
  "left": [
    0,
    0,
    0,
    0,
    0,
    0
  ],
  "hooked": [
    0,
    0,
    0,
    0,
    0,
    0
  ],
  "hi": [
    -0.24202801789175185,
    -0.3354103002745559,
    -0.2848129014115984,
    -0.26392487345100335,
    -0.12177363980580616,
    -0.2673707265359188
  ]
}


iteration 12


{
  "up": [
    0,
    0,
    0,
    0,
    0,
    0
  ],
  "right": [
    0,
    0,
    0,
    0,
    0,
    0
  ],
  "down": [
    0,
    0,
    0,
    0,
    0,
    0
  ],
  "left": [
    0,
    0,
    0,
    0,
    0,
    0
  ],
  "hooked": [
    0,
    0,
    0,
    0,
    0,
    0
  ],
  "hi": [
    -0.1320315428706399,
    -0.28299124618654836,
    -0.3316052864833365,
    -0.2328596710132565,
    -0.2988573336403883,
    -0.34337438555106825
  ]
}


iteration 13


{
  "up": [
    0,
    0,
    0,
    0,
    0,
    0
  ],
  "right": [
    0,
    0,
    0,
    0,
    0,
    0
  ],
  "down": [
    0,
    0,
    0,
    0,
    0,
    0
  ],
  "left": [
    0,
    0,
    0,
    0,
    0,
    0
  ],
  "hooked": [
    0,
    0,
    0,
    0,
    0,
    0
  ],
  "hi": [
    -0.3256343475584119,
    -0.33316994990387855,
    -0.4623277381315629,
    -0.3555862064682699,
    -0.3208602742648895,
    -0.3761456898434985
  ]
}


iteration 14


{
  "up": [
    0,
    0,
    0,
    0,
    0,
    0
  ],
  "right": [
    0,
    0,
    0,
    0,
    0,
    0
  ],
  "down": [
    0,
    0,
    0,
    0,
    0,
    0
  ],
  "left": [
    0,
    0,
    0,
    0,
    0,
    0
  ],
  "hooked": [
    0,
    0,
    0,
    0,
    0,
    0
  ],
  "hi": [
    -0.238434202554005,
    -0.2543986571835083,
    -0.19587429966057773,
    -0.18838162270130765,
    -0.2677197883353849,
    -0.20145006438915425
  ]
}


iteration 15


{
  "up": [
    0,
    0,
    0,
    0,
    0,
    0
  ],
  "right": [
    0,
    0,
    0,
    0,
    0,
    0
  ],
  "down": [
    0,
    0,
    0,
    0,
    0,
    0
  ],
  "left": [
    0,
    0,
    0,
    0,
    0,
    0
  ],
  "hooked": [
    0,
    0,
    0,
    0,
    0,
    0
  ],
  "hi": [
    -0.40282124161051414,
    -0.38053491459367716,
    -0.34078180877778463,
    -0.3866386615139834,
    -0.3124441698965458,
    -0.3034693904529547
  ]
}


iteration 16


{
  "up": [
    0,
    0,
    0,
    0,
    0,
    0
  ],
  "right": [
    0,
    0,
    0,
    0,
    0,
    0
  ],
  "down": [
    0,
    0,
    0,
    0,
    0,
    0
  ],
  "left": [
    0,
    0,
    0,
    0,
    0,
    0
  ],
  "hooked": [
    0,
    0,
    0,
    0,
    0,
    0
  ],
  "hi": [
    -0.12160362137435612,
    -0.25432614156882605,
    -0.2764273469497597,
    -0.4176440271496614,
    -0.3408768400237016,
    -0.4638006242684719
  ]
}


iteration 17


{
  "up": [
    0,
    0,
    0,
    0,
    0,
    0
  ],
  "right": [
    0,
    0,
    0,
    0,
    0,
    0
  ],
  "down": [
    0,
    0,
    0,
    0,
    0,
    0
  ],
  "left": [
    0,
    0,
    0,
    0,
    0,
    0
  ],
  "hooked": [
    0,
    0,
    0,
    0,
    0,
    0
  ],
  "hi": [
    -0.0023148629419193992,
    -0.3247393362988308,
    -0.32468442176998874,
    -0.3637565543848848,
    -0.3271154754224923,
    -0.19367373936062812
  ]
}


iteration 18


{
  "up": [
    0,
    0,
    0,
    0,
    0,
    0
  ],
  "right": [
    0,
    0,
    0,
    0,
    0,
    0
  ],
  "down": [
    0,
    0,
    0,
    0,
    0,
    0
  ],
  "left": [
    0,
    0,
    0,
    0,
    0,
    0
  ],
  "hooked": [
    0,
    0,
    0,
    0,
    0,
    0
  ],
  "hi": [
    -0.3634897723754714,
    -0.4221724744743724,
    -0.43230466643059173,
    -0.4499283342289758,
    -0.3827710263231372,
    -0.34970452191124385
  ]
}


iteration 19


{
  "up": [
    0,
    0,
    0,
    0,
    0,
    0
  ],
  "right": [
    0,
    0,
    0,
    0,
    0,
    0
  ],
  "down": [
    0,
    0,
    0,
    0,
    0,
    0
  ],
  "left": [
    0,
    0,
    0,
    0,
    0,
    0
  ],
  "hooked": [
    0,
    0,
    0,
    0,
    0,
    0
  ],
  "hi": [
    -0.31872039460094664,
    -0.4086554696462996,
    -0.33100593672384293,
    -0.3931112059368293,
    -0.3615114000690996,
    -0.2933052226299865
  ]
}


iteration 20


{
  "up": [
    0,
    0,
    0,
    0,
    0,
    0
  ],
  "right": [
    0,
    0,
    0,
    0,
    0,
    0
  ],
  "down": [
    0,
    0,
    0,
    0,
    0,
    0
  ],
  "left": [
    0,
    0,
    0,
    0,
    0,
    0
  ],
  "hooked": [
    0,
    0,
    0,
    0,
    0,
    0
  ],
  "hi": [
    -0.3661359590203106,
    -0.3725884456595321,
    -0.3127178305073556,
    -0.349895458399857,
    -0.39892235672621784,
    -0.3197345530883027
  ]
}


iteration 21


{
  "up": [
    0,
    0,
    0,
    0,
    0,
    0
  ],
  "right": [
    0,
    0,
    0,
    0,
    0,
    0
  ],
  "down": [
    0,
    0,
    0,
    0,
    0,
    0
  ],
  "left": [
    0,
    0,
    0,
    0,
    0,
    0
  ],
  "hooked": [
    0,
    0,
    0,
    0,
    0,
    0
  ],
  "hi": [
    -0.15273807255753397,
    -0.2773698398705463,
    -0.2985938351636059,
    -0.2583963827770269,
    -0.20908101359398418,
    -0.24393483906846405
  ]
}


iteration 22


{
  "up": [
    0,
    0,
    0,
    0,
    0,
    0
  ],
  "right": [
    0,
    0,
    0,
    0,
    0,
    0
  ],
  "down": [
    0,
    0,
    0,
    0,
    0,
    0
  ],
  "left": [
    0,
    0,
    0,
    0,
    0,
    0
  ],
  "hooked": [
    0,
    0,
    0,
    0,
    0,
    0
  ],
  "hi": [
    -0.2532184812833338,
    -0.3140890773620668,
    -0.30324864193851253,
    -0.27591570356734285,
    -0.2960301494589208,
    -0.2516653892102415
  ]
}


iteration 23


{
  "up": [
    0,
    0,
    0,
    0,
    0,
    0
  ],
  "right": [
    0,
    0,
    0,
    0,
    0,
    0
  ],
  "down": [
    0,
    0,
    0,
    0,
    0,
    0
  ],
  "left": [
    0,
    0,
    0,
    0,
    0,
    0
  ],
  "hooked": [
    0,
    0,
    0,
    0,
    0,
    0
  ],
  "hi": [
    -0.32220993671628023,
    -0.20160701009621196,
    -0.35870891311468434,
    -0.3928982215891738,
    -0.3784165091001229,
    -0.3735931868558669
  ]
}


iteration 24


{
  "up": [
    0,
    0,
    0,
    0,
    0,
    0
  ],
  "right": [
    0,
    0,
    0,
    0,
    0,
    0
  ],
  "down": [
    0,
    0,
    0,
    0,
    0,
    0
  ],
  "left": [
    0,
    0,
    0,
    0,
    0,
    0
  ],
  "hooked": [
    0,
    0,
    0,
    0,
    0,
    0
  ],
  "hi": [
    -0.32280616069295803,
    -0.2861879372800798,
    -0.36651365215321224,
    -0.3157014171587517,
    -0.3748601165252182,
    -0.3933331190108156
  ]
}


iteration 25


{
  "up": [
    0,
    0,
    0,
    0,
    0,
    0
  ],
  "right": [
    0,
    0,
    0,
    0,
    0,
    0
  ],
  "down": [
    0,
    0,
    0,
    0,
    0,
    0
  ],
  "left": [
    0,
    0,
    0,
    0,
    0,
    0
  ],
  "hooked": [
    0,
    0,
    0,
    0,
    0,
    0
  ],
  "hi": [
    -0.30310765667132034,
    -0.3385829492175971,
    -0.3379712950093815,
    -0.3799432631616727,
    -0.3763875302537518,
    -0.30662679337600934
  ]
}


iteration 26


{
  "up": [
    0,
    0,
    0,
    0,
    0,
    0
  ],
  "right": [
    0,
    0,
    0,
    0,
    0,
    0
  ],
  "down": [
    0,
    0,
    0,
    0,
    0,
    0
  ],
  "left": [
    0,
    0,
    0,
    0,
    0,
    0
  ],
  "hooked": [
    0,
    0,
    0,
    0,
    0,
    0
  ],
  "hi": [
    -0.34455610570081224,
    -0.413580046355694,
    -0.39348811552209145,
    -0.3294728782897994,
    -0.3856358708666311,
    -0.32937694932243133
  ]
}


iteration 27


{
  "up": [
    0,
    0,
    0,
    0,
    0,
    0
  ],
  "right": [
    0,
    0,
    0,
    0,
    0,
    0
  ],
  "down": [
    0,
    0,
    0,
    0,
    0,
    0
  ],
  "left": [
    0,
    0,
    0,
    0,
    0,
    0
  ],
  "hooked": [
    0,
    0,
    0,
    0,
    0,
    0
  ],
  "hi": [
    -0.301870263987138,
    -0.3338367826326313,
    -0.34866200445319956,
    -0.3276999201329477,
    -0.362550318591242,
    -0.3708451524691763
  ]
}


iteration 28


{
  "up": [
    0,
    0,
    0,
    0,
    0,
    0
  ],
  "right": [
    0,
    0,
    0,
    0,
    0,
    0
  ],
  "down": [
    0,
    0,
    0,
    0,
    0,
    0
  ],
  "left": [
    0,
    0,
    0,
    0,
    0,
    0
  ],
  "hooked": [
    0,
    0,
    0,
    0,
    0,
    0
  ],
  "hi": [
    -0.33565093324577855,
    -0.3094923339145098,
    -0.348832880004071,
    -0.3243477468163636,
    -0.24634321394886186,
    -0.24928379716416382
  ]
}


iteration 29


{
  "up": [
    0,
    0,
    0,
    0,
    0,
    0
  ],
  "right": [
    0,
    0,
    0,
    0,
    0,
    0
  ],
  "down": [
    0,
    0,
    0,
    0,
    0,
    0
  ],
  "left": [
    0,
    0,
    0,
    0,
    0,
    0
  ],
  "hooked": [
    0,
    0,
    0,
    0,
    0,
    0
  ],
  "hi": [
    -0.3272894038754396,
    -0.3328762495817081,
    -0.38414896897489603,
    -0.37503316782070134,
    -0.3406398517677406,
    -0.3730297760600112
  ]
}


iteration 30


{
  "up": [
    0,
    0,
    0,
    0,
    0,
    0
  ],
  "right": [
    0,
    0,
    0,
    0,
    0,
    0
  ],
  "down": [
    0,
    0,
    0,
    0,
    0,
    0
  ],
  "left": [
    0,
    0,
    0,
    0,
    0,
    0
  ],
  "hooked": [
    0,
    0,
    0,
    0,
    0,
    0
  ],
  "hi": [
    -0.3189448491081992,
    -0.453161197233379,
    -0.27066089136791116,
    -0.2260373376386366,
    -0.2942463473458796,
    -0.28636339166719593
  ]
}


iteration 31


{
  "up": [
    0,
    0,
    0,
    0,
    0,
    0
  ],
  "right": [
    0,
    0,
    0,
    0,
    0,
    0
  ],
  "down": [
    0,
    0,
    0,
    0,
    0,
    0
  ],
  "left": [
    0,
    0,
    0,
    0,
    0,
    0
  ],
  "hooked": [
    0,
    0,
    0,
    0,
    0,
    0
  ],
  "hi": [
    -0.29097137558343084,
    -0.3947129964049141,
    -0.35036130459924575,
    -0.3949904203945522,
    -0.3650085986289423,
    -0.1332682635698646
  ]
}


iteration 32


{
  "up": [
    0,
    0,
    0,
    0,
    0,
    0
  ],
  "right": [
    0,
    0,
    0,
    0,
    0,
    0
  ],
  "down": [
    0,
    0,
    0,
    0,
    0,
    0
  ],
  "left": [
    0,
    0,
    0,
    0,
    0,
    0
  ],
  "hooked": [
    0,
    0,
    0,
    0,
    0,
    0
  ],
  "hi": [
    -0.19673804811971318,
    -0.18060323614521112,
    -0.22036158221323573,
    -0.1174050232258568,
    -0.09138318691902056,
    -0.06202791867820296
  ]
}


iteration 33


{
  "up": [
    0,
    0,
    0,
    0,
    0,
    0
  ],
  "right": [
    0,
    0,
    0,
    0,
    0,
    0
  ],
  "down": [
    0,
    0,
    0,
    0,
    0,
    0
  ],
  "left": [
    0,
    0,
    0,
    0,
    0,
    0
  ],
  "hooked": [
    0,
    0,
    0,
    0,
    0,
    0
  ],
  "hi": [
    -0.2914056384313326,
    -0.3426200169383532,
    -0.2843960206265853,
    -0.31955954516780105,
    -0.3437661156462879,
    -0.3364136798619547
  ]
}


iteration 34


{
  "up": [
    0,
    0,
    0,
    0,
    0,
    0
  ],
  "right": [
    0,
    0,
    0,
    0,
    0,
    0
  ],
  "down": [
    0,
    0,
    0,
    0,
    0,
    0
  ],
  "left": [
    0,
    0,
    0,
    0,
    0,
    0
  ],
  "hooked": [
    0,
    0,
    0,
    0,
    0,
    0
  ],
  "hi": [
    -0.3387079074163957,
    -0.40060342325604037,
    -0.3068854029025533,
    -0.4361341314328272,
    -0.3739867264965513,
    -0.41938389035141527
  ]
}


